V1
0.1 [0.08196721]
0.2 [0.14780973]
0.3 [0.19935589]
0.4 [0.23833872]
0.5 [0.26638466]
0.6 [0.28500618]
0.7 [0.29559748]
0.8 [0.29943302]
0.9 [0.29766817]
1.0 [0.29134176]
1.1 [0.28138008]
1.2 [0.26860199]
1.3 [0.25372483]
1.4 [0.23737101]
1.5 [0.22007492]
1.6 [0.20229]
1.7 [0.18439597]
1.8 [0.16670585]
1.9 [0.14947287]
2.0 [0.1328971]
V2
0.1 [0.98360656]
0.2 [0.95404461]
0.3 [0.91417343]
0.4 [0.86650569]
0.5 [0.81322876]
0.6 [0.75622752]
0.7 [0.69710802]
0.8 [0.63722142]
0.9 [0.57768779]
1.0 [0.51941944]
1.1 [0.46314342]
1.2 [0.40942302]
1.3 [0.35867806]
1.4 [0.31120385]
1.5 [0.26718887]
1.6 [0.22673087]
1.7 [0.18985167]
1.8 [0.1565105]
1.9 [0.12661593]
2.0 [0.10003651]
I_Vsrc1
0.1 [0.09836066]
0.2 [0.19376512]
0.3 [0.28518246]
0.4 [0.37183303]
0.5 [0.4531559]
0.6 [0.52877866]
0.7 [0.59848946]
0.8 [0.6622116]
0.9 [0.71998038]
1.0 [0.77192232]
1.1 [0.81823667]
1.2 [0.85917897]
1.3 [0.89504677]
1.4 [0.92616716]
1.5 [0.95288605]
1.6 [0.97555913]
1.7 [0.9945443]
1.8 [1.01019535]
1.9 [1.02285694]
2.0 [1.03286059]
