V1
0.5 [15.]
1.0 [15.]
1.5 [15.]
2.0 [15.]
2.5 [15.]
3.0 [15.]
3.5 [15.]
4.0 [15.]
4.5 [15.]
5.0 [15.]
5.5 [15.]
6.0 [15.]
6.5 [15.]
7.0 [15.]
7.5 [15.]
8.0 [15.]
8.5 [15.]
9.0 [15.]
9.5 [15.]
10.0 [15.]
V2
0.5 [5.]
1.0 [8.33333333]
1.5 [10.55555556]
2.0 [12.03703704]
2.5 [13.02469136]
3.0 [13.68312757]
3.5 [14.12208505]
4.0 [14.41472337]
4.5 [14.60981558]
5.0 [14.73987705]
5.5 [14.8265847]
6.0 [14.8843898]
6.5 [14.92292653]
7.0 [14.94861769]
7.5 [14.96574513]
8.0 [14.97716342]
8.5 [14.98477561]
9.0 [14.98985041]
9.5 [14.99323361]
10.0 [14.99548907]
I_Vsrc1
0.5 [-0.001]
1.0 [-0.00066667]
1.5 [-0.00044444]
2.0 [-0.0002963]
2.5 [-0.00019753]
3.0 [-0.00013169]
3.5 [-8.77914952e-05]
4.0 [-5.85276635e-05]
4.5 [-3.90184423e-05]
5.0 [-2.60122949e-05]
5.5 [-1.73415299e-05]
6.0 [-1.15610199e-05]
6.5 [-7.70734663e-06]
7.0 [-5.13823109e-06]
7.5 [-3.42548739e-06]
8.0 [-2.28365826e-06]
8.5 [-1.52243884e-06]
9.0 [-1.01495923e-06]
9.5 [-6.76639485e-07]
10.0 [-4.5109299e-07]
