V1
0.5 [15.]
1.0 [15.]
1.5 [15.]
2.0 [15.]
2.5 [15.]
3.0 [15.]
3.5 [15.]
4.0 [15.]
4.5 [15.]
5.0 [15.]
5.5 [15.]
6.0 [15.]
6.5 [15.]
7.0 [15.]
7.5 [15.]
8.0 [15.]
8.5 [15.]
9.0 [15.]
9.5 [15.]
10. [15.]
V2
0.5 [10.]
1.0 [6.66666667]
1.5 [4.44444444]
2.0 [2.96296296]
2.5 [1.97530864]
3.0 [1.31687243]
3.5 [0.87791495]
4.0 [0.58527663]
4.5 [0.39018442]
5.0 [0.26012295]
5.5 [0.1734153]
6.0 [0.1156102]
6.5 [0.07707347]
7.0 [0.05138231]
7.5 [0.03425487]
8.0 [0.02283658]
8.5 [0.01522439]
9.0 [0.01014959]
9.5 [0.00676639]
10. [0.00451093]
I_Vsrc1
0.5 [-5.]
1.0 [-8.33333333]
1.5 [-10.55555556]
2.0 [-12.03703704]
2.5 [-13.02469136]
3.0 [-13.68312757]
3.5 [-14.12208505]
4.0 [-14.41472337]
4.5 [-14.60981558]
5.0 [-14.73987705]
5.5 [-14.8265847]
6.0 [-14.8843898]
6.5 [-14.92292653]
7.0 [-14.94861769]
7.5 [-14.96574513]
8.0 [-14.97716342]
8.5 [-14.98477561]
9.0 [-14.98985041]
9.5 [-14.99323361]
10. [-14.99548907]
I_Vsrc2
0.5 [5.]
1.0 [8.33333333]
1.5 [10.55555556]
2.0 [12.03703704]
2.5 [13.02469136]
3.0 [13.68312757]
3.5 [14.12208505]
4.0 [14.41472337]
4.5 [14.60981558]
5.0 [14.73987705]
5.5 [14.8265847]
6.0 [14.8843898]
6.5 [14.92292653]
7.0 [14.94861769]
7.5 [14.96574513]
8.0 [14.97716342]
8.5 [14.98477561]
9.0 [14.98985041]
9.5 [14.99323361]
10. [14.99548907]
